0, 5, 0.0, 0.0, 0.0, 5, 0
1, 5, 0.0, 0.0, 0.0, 20, 0
2, 5, 0.0, 0.0, 0.0, 19.06, 2016_07_25_14_29_23
3, 5, 0.0, 0.0, 0.1, 18.99, 2016_07_25_14_37_07
4, 0, 0.0, 0.0, 0.2, 0, 0
5, 5, 0.0, 0.0, 0.25, 10.5, 2016_07_25_15_50_37
6, 10, 0.0, 0.0, 0.25, 8.7, 2016_07_25_16_02_53
7, 2, 0.0, 0.0, 0.6, 20.17, 2016_07_25_16_39_47
8, 10, 0.0, 0.0, 0.6,20.04, 2016_07_25_16_42_45
9, 10, 0.0, 0.0, 0.576,20.02, 2016_07_25_16_57_17
10, 2, 0.0, 0.0, 0.105,17.7, 2016_07_26_11_06_24
11, 10, 0.0, 0.0, 0.105,18.6, 2016_07_26_11_14_20
12, 10, 0.0, 0.0, 0.106,18.44, 2016_07_26_11_27_12
13, 2, 0.0, 0.0, 0.586,17.5, 2016_07_26_13_04_35
14, 10, 0.0, 0.0, 0.586,17.9, 2016_07_26_13_07_40
15, 10, 0.0, 0.0, 0.602,18.4, 2016_07_26_13_19_02
16, 15, 0.0, 0.0, 0.598,18.03, 2016_07_26_13_32_25
17, 15, 0.0, 0.0, 0.594,17.3, 2016_07_26_13_49_34
18, 15, 0.0, 0.0, 0.64,18.6, 2016_07_26_15_23_23
19, 15, 0.0, 0.0, 0.62,18.5, 2016_07_26_15_39_49
20, 15, 0.0, 0.0, 0.62,18.6, 2016_07_26_15_56_02
21, 15, 0.0, 0.0, 0.59,17.4, 2016_07_26_16_13_38
22, 15, 0.0, 0.0, 0.603,17.5, 2016_07_26_16_32_57
23, 15, 0.0, 0.0, 0.602,17.6, 2016_07_26_16_48_59
24, 20, 0.0, 0.0, 0.04, 0, 0
25, 20, 0.0, 0.0, 0.0418, 0, 0
26, 30, 0.0, 0.0, 0.0078, 0, 0
27, 30, 0.0, 0.0, 0.003, 0, 0
28, 2, 0.0, 0.0, 0.214, 16, 2016_08_01_13_03_20
29, 2, 0.0, 0.0, 0.15, 10.2, 2016_08_01_13_11_47
30, 10, 0.0, 0.0, 0.25, 19.4, 2016_08_01_13_18_42
31, 10, 0.0, 0.0, 0.26, 23,0
32, 10, 0.0, 0.0, 0.26, 19.5, 2016_08_01_13_42_20
33, 10, 0.0, 0.0, 0.266, 21.4, 2016_08_01_13_54_32
34, 10, 0.0, 0.0, 0.262, 21.6, 2016_08_01_14_06_19
35, 10, 0.0, 0.0, 0.25, 21.3, 2016_08_01_14_20_00
36, 10, 0.0, 0.0, 0.22, 18, 2016_08_01_14_31_40
37, 2, 0.0, 0.0, 0.386, 37.5, 2016_08_01_15_13_26
38, 10, 0.0, 0.0, 0.39, 37.6, 2016_08_01_15_18_21
39, 10, 0.0, 0.0, 0.39, 39, 2016_08_01_15_30_14
40, 15, 0.0, 0.0, 0.39, 37.1, 2016_08_01_15_41_49
41, 15, 0.0, 0.0, 0.308, 35.6, 2016_08_01_15_58_38
42, 2, 0.0, 0.0, 0.076, 19, 2016_08_02_14_36_19
43, 2, 0.0, 0.0, 0.076, 18.6,0
44, 2, 0.0, 0.0, 0.089, 18.6, 2016_08_02_14_48_10
45, 2, 0.0, 0.0, 0.118, 26.5, 2016_08_02_15_41_44
46, 10, 0.0, 0.0, 0.1283, 29.3, 2016_08_02_15_45_03
47, 15, 0.0, 0.0, 0.1292, 29.3, 2016_08_02_15_56_31
48, 15, 0.0, 0.0, 0.1342, 30.3, 2016_08_02_16_12_38
49, 15, 0.0, 0.0, 0.133, 29.8, 2016_08_02_16_29_52
50, 10, 0.0, 0.0, 0.131, 30.3, 2016_08_02_16_47_09
51, 10, 0.0, 0.0, 0.0335, 10.81, 2017_04_27_14_41_27
52, 10, 0.0, 0.0, 0.2000, 19.64, 2017_04_27_15_48_20
53, 5, 0.0, 0.0, 0.1100, 9.99, 2017_04_27_16_22_49
54, 5, 0.0, 0.0, 0.1533, 10.37, 2017_04_27_16_36_31
55, 5, 0.0, 0.0, 0.1136, 10.38, 2017_04_27_16_56_05
56, 5, 0.0, 0.0, 0.0021, 0,0
57, 10, 0.0, 0.0, 0.2010, 21.61, 2017_04_28_09_21_08
58, 15.05, 0.0, 0.0, 0.2106, 20.39, 2017_04_28_09_35_02
59, 10, 0.0, 0.0, 0.2117, 21.6, 2017_04_28_10_11_36
60, 10, 0.0, 0.0, 0.2069, 21.39, 2017_04_28_10_22_24
61, 10, 0.0, 0.0, 0.2170, 21.99, 2017_04_28_13_57_13
62, 10, 0.0, 0.0, 0.2150, 21.54, 2017_04_28_14_08_11
63, 10, 0.0, 0.0, 0.2017, 21.24, 2017_04_28_14_19_47
64, 10, 0.0, 0.0, 0.2083, 21.52, 2017_04_28_15_02_14
65, 10, 0.0, 0.0, 0.2117, 21.06, 2017_04_28_15_14_35
66, 10, 0.0, 0.0, 0.2059, 20.76, 2017_04_28_15_25_22
67, 10, 0.0, 0.0, 0.2195, 22.13, 2017_04_28_16_04_40
68, 10, 0.0, 0.0, 0.2206, 21.92, 2017_04_28_16_15_38
69, 10, 0.0, 0.0, 0.2178, 21.72, 2017_04_28_16_26_25
70, 8.55, 0.0, 0.0, 0.2305, 21.7, 2017_04_28_16_37_17
71, 5, 0.1253, 0.0020, 0.0850, 10, 0
72, 5, 0.0235, 0.0019, 0.0098, 10, 0
73, 2, 0.0235, 0.0003, 0.0654, 0, 0
74, 2, 0.0717, 0.0405, 0.0162, 0, 0
75, 2, 0.0039, 0.0015, 0.0023, 8, 0
76, 5, 0.0144, 0.0055, 0.0071, 24.9, 2017_09_12_15_36_07
77, 5, 0.0152, 0.0060, 0.0068, 23.6, 2017_09_12_15_43_48
78, 10, 0.0125, 0.0047, 0.0076, 29.3, 2017_09_12_16_21_54
79, 10, 0.0125, 0.0047, 0.0076, 29.4, 2017_09_12_16_32_29
80, 10, 0.0128, 0.0048, 0.0078, 29.9, 2017_09_12_16_43_08
81, 5, 0.0133, 0.0048, 0.0079, 29.8, 2017_09_13_09_36_35
82, 5, 0.2650, 0.2160, 0.2360, 20.3, 2017_09_13_10_34_35
83, 5, 0.2680, 0.2190, 0.2380, 20.6, 2017_09_13_10_40_49
84, 5, 0.0034, 0.0026, 0.0028, 0, 0
85, 5, 0.2320, 0.1770, 0.2020, 27.8, 2017_09_13_11_21_05
86, 5, 0.2302, 0.1755, 0.2010, 28, 2017_09_13_11_28_00
87, 5, 0.2301, 0.1761, 0.2019, 27.8, 2017_09_13_11_34_51
88, 5, 0.2323, 0.1768, 0.2031, 27.8, 2017_09_13_11_41_17
89, 5, 0.2294, 0.1751, 0.2013, 27.8, 2017_09_13_11_47_38
90, 5, 0.2322, 0.1768, 0.2038, 28.0, 2017_09_13_11_53_35
91, 5, 0.2331, 0.1776, 0.2042, 28.0, 2017_09_13_11_59_47
92, 5, 0.2297, 0.1740, 0.2006, 27.4, 2017_09_13_12_05_24
93, 5, 0.2354, 0.1784, 0.2052, 28.6, 2017_09_13_12_11_16
94, 5, 0.1854, 0.1682, 0.1983, 21.40, 2017_09_13_14_04_34
95, 5, 0.1876, 0.1387, 0.1643, 20.84, 2017_09_13_14_10_24
96, 5, 0.2301, 0.1712, 0.2021, 26.80, 2017_09_13_14_22_48
97, 5, 0.2256, 0.1702, 0.1989, 26.50, 2017_09_13_14_28_28
98, 5, 0.2257, 0.1727, 0.1983, 26.50, 2017_09_13_14_34_03
99, 5, 0.2238, 0.1729, 0.1965, 26.20, 2017_09_13_14_39_36
100, 5, 0.2210, 0.1711, 0.1941, 26.18, 2017_09_13_14_45_11
101, 5, 0.2226, 0.1727, 0.1959, 26.40, 2017_09_13_14_50_56
102, 5, 0.2235, 0.1731, 0.1970, 26.30, 2017_09_13_14_56_28
103, 5, 0.2230, 0.1725, 0.1968, 26.30, 2017_09_13_15_02_17
104, 5, 0.2229, 0.1718, 0.1963, 26.29, 2017_09_13_15_07_47
105, 5, 0.2210, 0.1709, 0.1941, 25.90, 2017_09_13_15_13_22
106, 5, 0.2282, 0.1753, 0.1993, 27.24, 2017_09_13_15_19_32
107, 0.5, 0.2303, 0.1770, 0.2007, 27.00, 0
108, 0.5, 0.0000, 0.0000, 0.0000, 27.00, 0
109, 5, 0.2629, 0.1976, 0.2321, 30.17, 2017_09_14_10_09_33
110, 5, 0.2139, 0.1585, 0.1845, 25.10, 2017_09_14_10_24_44
111, 5, 0.2340, 0.1757, 0.2053, 26.06, 2017_09_14_11_34_39
112, 5, 0.2343, 0.1750, 0.2050, 25.80, 2017_09_14_11_35_34
113, 5, 0.2165, 0.1626, 0.1904, 24.42, 2017_09_14_11_39_36
114, 5, 0.2294, 0.1718, 0.2013, 25.35, 2017_09_14_11_47_03
115, 5, 0.2297, 0.1712, 0.2008, 25.28, 2017_09_14_11_52_58
116, 5, 0.2248, 0.1674, 0.1964, 24.49, 2017_09_14_11_59_16
117, 5, 0.2265, 0.1688, 0.1982, 24.83, 2017_09_14_12_04_53
118, 5, 0.2252, 0.1678, 0.1970, 24.72, 2017_09_14_12_10_23
119, 5, 0.2247, 0.1679, 0.1966, 24.62, 2017_09_14_12_15_57
120, 5, 0.2247, 0.1674, 0.1966, 24.57, 2017_09_14_12_21_31
121, 5, 0.2252, 0.1680, 0.1967, 24.66, 2017_09_14_12_27_08
122, 5, 0.2277, 0.1700, 0.1991, 24.47, 2017_09_14_12_32_44
123, 5, 0.2274, 0.1698, 0.1991, 24.85, 2017_09_14_12_38_22
124, 5, 0.2262, 0.1689, 0.1983, 24.88, 2017_09_14_12_44_21
125, 5, 0.2343, 0.1731, 0.2033, 26.08, 2017_09_14_12_49_45
126, 5, 0.0037, 0.0028, 0.0031, 0, bkg_09_14_12_56
127, 5, 0.2288, 0.1683, 0.1996, 25.77, 2017_09_14_14_09_21
128, 5, 0.2287, 0.1676, 0.2002, 25.8, 2017_09_14_14_15_22
129, 5, 0.2252, 0.1663, 0.1976, 25.46, 2017_09_14_14_21_01
130, 5, 0.2230, 0.1649, 0.1958, 25.22, 2017_09_14_14_26_56
131, 5, 0.2230, 0.1641, 0.1955, 25.08, 2017_09_14_14_32_35
132, 5, 0.2209, 0.1629, 0.1938, 24.88, 2017_09_14_14_38_10
133, 5, 0.2225, 0.1636, 0.1946, 24.94, 2017_09_14_14_43_42
134, 5, 0.2269, 0.1669, 0.1985, 25.53, 2017_09_14_14_49_48
135, 5, 0.2258, 0.1661, 0.1978, 25.47, 2017_09_14_14_55_21
136, 5, 0.2247, 0.1650, 0.1961, 25.21, 2017_09_14_15_00_59
137, 5, 0.2243, 0.1648, 0.1959, 25.16, 2017_09_14_15_06_31
138, 5, 0.2208, 0.1626, 0.1931, 24.73, 2017_09_14_15_12_01
139, 5, 0.1806, 0.1311, 0.1559, 24.61, 2017_09_14_15_17_29
140, 10, 0.0036, 0.0029, 0.0031, 0, bkg_09_14_15_25
141, 10, 0.0003, 0.0003, 0.0003, 0, bkg_09_15_09_14
142, 10, 0.0013, 0.0010, 0.0011, 0, bkg_09_15_09_25
143, 5, 0.1496, 0.1131, 0.1308, 22.86, 2017_09_15_09_54_32
144, 5, 0.1649, 0.1241, 0.1443, 24.34, 2017_09_15_10_00_10
145, 5, 0.1762, 0.1326, 0.1535, 25.71, 2017_09_15_10_05_37
146, 5, 0.1755, 0.1323, 0.1531, 25.67, 2017_09_15_10_11_06
147, 5, 0.1699, 0.1282, 0.1483, 24.95, 2017_09_15_10_16_28
148, 5, 0.1714, 0.1296, 0.1495, 25.07, 2017_09_15_10_23_35
149, 5, 0.1745, 0.1322, 0.1525, 25.52, 2017_09_15_10_29_12
150, 5, 0.1711, 0.1294, 0.1495, 25.04, 2017_09_15_10_34_44
151, 5, 0.1757, 0.1328, 0.1529, 25.64, 2017_09_15_10_40_05
152, 5, 0.1761, 0.1328, 0.1536, 25.68, 2017_09_15_10_45_41
153, 5, 0.1752, 0.1328, 0.1529, 25.64, 2017_09_15_10_53_13
154, 5, 0.1848, 0.1376, 0.1576, 27.34, 2017_09_15_10_58_43
155, 10, 0.0037, 0.0029, 0.0031, 0, bkg_09_15_11_06
156, 5, 0.1796, 0.1367, 0.0000, 25.85, 2017_09_15_12_17_16
157, 5, 0.1782, 0.1356, 0.1565, 25.8, 2017_09_15_12_23_44
158, 5, 0.1770, 0.1341, 0.1546, 25.45, 2017_09_15_12_29_19
159, 5, 0.1762, 0.1332, 0.1541, 25.3, 2017_09_15_12_34_48
160, 5, 0.1747, 0.1322, 0.1532, 25.19, 2017_09_15_12_40_21
161, 5, 0.1798, 0.1358, 0.1570, 26.04, 2017_09_15_13_14_07
162, 5, 0.1791, 0.1350, 0.1563, 25.8, 2017_09_15_13_19_57
163, 5, 0.1734, 0.1311, 0.1517, 25.1, 2017_09_15_13_25_36
164, 5, 0.1747, 0.1322, 0.1525, 25.2, 2017_09_15_13_31_18
165, 5, 0.1754, 0.1327, 0.1532, 25.4, 2017_09_15_13_37_00
166, 5, 0.1731, 0.1307, 0.1512, 24.8, 2017_09_15_13_42_40
167, 5, 0.1747, 0.1321, 0.1525, 25.3, 2017_09_15_13_48_22
168, 5, 0.1760, 0.1327, 0.1532, 25.2, 2017_09_15_13_54_00
169, 10, 0.0037, 0.0028, 0.0031, 0, bkg_09_15_14_00
170, 5, 0.1791, 0.1339, 0.1557, 25.25, 2017_09_15_14_47_08
171, 5, 0.1817, 0.1353, 0.1580, 25.33, 2017_09_15_14_52_33
172, 5, 0.1796, 0.1338, 0.1563, 25.07, 2017_09_15_14_58_04
173, 5, 0.1820, 0.1361, 0.1580, 25.56, 2017_09_15_15_03_28
174, 5, 0.1802, 0.1340, 0.1561, 25.13, 2017_09_15_15_08_58
175, 5, 0.1833, 0.1362, 0.1592, 25.54, 2017_09_15_15_14_23
176, 5, 0.1800, 0.1347, 0.1567, 25.22, 2017_09_15_15_20_01
177, 5, 0.1794, 0.1340, 0.1560, 25.03, 2017_09_15_15_25_24
178, 5, 0.1765, 0.1323, 0.1535, 24.68, 2017_09_15_15_30_49
179, 5, 0.1772, 0.1326, 0.1543, 24.78, 2017_09_15_15_36_27
180, 5, 0.1753, 0.1309, 0.1522, 24.36, 2017_09_15_15_42_16
181, 5, 0.1761, 0.1319, 0.1528, 24.58, 2017_09_15_15_47_43
182, 5, 0.1746, 0.1306, 0.1518, 24.33, 2017_09_15_15_53_25
183, 5, 0.1739, 0.1296, 0.1507, 24.09, 2017_09_15_15_59_00